==================================================================================================
==================================================================================================
Computational parameters [m]:
R1 = 9050 | R2 = 182293 | gs1 = 100 | gs2 = 2586
==================================================================================================
    st_num        Lon        Lat       h_st      h_dtm    te_near     te_far     te_tot    st_type
         0  16.795532  41.188150     -52.00     -54.20    -0.1822    -0.0886    -0.2709          2
         1  16.773864  41.201761     -59.50     -60.35    -0.0928    -0.0855    -0.1783          2
         2  16.781919  41.170649     -31.95     -31.95    -0.1100    -0.0938    -0.2037          2
         3  16.716640  41.195927     -34.20     -34.95    -0.0423    -0.0891    -0.1314          2
         4  16.671915  41.213428     -34.00     -33.90    -0.0484    -0.0871    -0.1355          2
         5  16.624136  41.227039     -30.00     -30.90    -0.0988    -0.0880    -0.1869          2
         6  16.660249  41.240650     -48.50     -49.00    -0.0622    -0.0764    -0.1386          2
         7  16.706639  41.229817     -57.00     -56.20    -0.1022    -0.0775    -0.1797          2
         8  16.736084  41.217317     -58.10     -57.75    -0.0367    -0.0806    -0.1173          2
         9  16.641359  41.218983     -28.80     -30.45    -0.1285    -0.0890    -0.2175          2
        10  16.754974  41.183149     -35.80     -34.20    -0.1613    -0.0912    -0.2526          2
        11  16.824144  41.207317     -78.90     -79.85    -0.0906    -0.0856    -0.1762          2
        12  16.766641  41.228428     -72.70     -75.00    -0.1421    -0.0756    -0.2177          2
        13  16.732195  41.247039     -71.50     -73.60    -0.1486    -0.0685    -0.2171          2
        14  16.688860  41.262872     -68.40     -65.85    -0.3020    -0.0635    -0.3655          2
        15  16.596912  41.246483     -34.50     -34.95    -0.0400    -0.0817    -0.1217          2
        16  16.634136  41.262594     -52.20     -52.90    -0.0477    -0.0675    -0.1152          2
        17  16.658303  41.295650     -73.00     -72.45    -0.0722    -0.0505    -0.1228          2
        18  16.618858  41.347873     -79.50     -76.45    -0.3344    -0.0335    -0.3679          2
        19  16.591079  41.303706     -56.00     -56.85    -0.0612    -0.0496    -0.1109          2
        20  16.566356  41.263428     -34.50     -35.30    -0.0828    -0.0755    -0.1583          2
        21  16.505798  41.300650     -34.70     -33.75    -0.1064    -0.0598    -0.1662          2
        22  16.487742  41.336483     -40.60     -41.45    -0.0463    -0.0417    -0.0880          2
        23  16.541077  41.373151     -65.20     -63.80    -0.1634    -0.0267    -0.1901          2
        24  16.430795  41.380373     -40.00     -41.40    -0.0959    -0.0269    -0.1228          2
        25  16.428573  41.331206     -24.70     -23.05    -0.1461    -0.0482    -0.1942          2
        26  16.413572  41.305650     -12.40     -13.85    -0.0992    -0.0645    -0.1637          2
        27  16.460796  41.288428     -17.00     -17.95    -0.0808    -0.0722    -0.1530          2
        28  16.489408  41.271761     -16.00     -18.05    -0.1706    -0.0803    -0.2509          2
        29  16.530799  41.262872     -24.70     -25.10    -0.0406    -0.0811    -0.1217          2
        30  16.572467  41.238983     -23.20     -24.50    -0.1100    -0.0898    -0.1999          2
        31  16.598579  41.225928     -23.30     -24.20    -0.1046    -0.0934    -0.1980          2
        32  16.596357  41.272872     -46.80     -46.25    -0.0476    -0.0661    -0.1138          2
        33  16.547188  41.288428     -40.10     -40.10    -0.0146    -0.0623    -0.0770          2
        34  16.545244  41.322039     -52.00     -51.60    -0.0742    -0.0447    -0.1188          2
        35  16.487742  41.383429     -56.00     -55.30    -0.0952    -0.0247    -0.1199          2
        36  16.457463  41.311761     -27.00     -24.15    -0.3605    -0.0576    -0.4182          2
        37  16.421072  41.356484     -30.20     -32.60    -0.1605    -0.0360    -0.1964          2
        38  16.473019  41.359540     -45.20     -44.25    -0.1264    -0.0328    -0.1592          2
        39  16.527465  41.354540     -56.10     -57.20    -0.0748    -0.0324    -0.1073          2
        40  16.467741  41.418429     -53.60     -55.70    -0.1421    -0.0175    -0.1595          2
        41  16.407738  41.428429     -43.60     -43.65    -0.0030    -0.0163    -0.0192          2
        42  16.355514  41.445651     -37.00     -35.10    -0.2108    -0.0151    -0.2259          2
        43  16.306346  41.459818     -30.40     -30.05    -0.0472    -0.0160    -0.0632          2
        44  16.306346  41.421207     -25.80     -26.10    -0.0155    -0.0201    -0.0356          2
        45  16.304679  41.388429     -22.80     -22.20    -0.0655    -0.0279    -0.0934          2
        46  16.317735  41.350928     -16.60     -16.60    -0.0093    -0.0435    -0.0528          2
        47  16.344402  41.376762     -23.20     -23.70    -0.0357    -0.0306    -0.0663          2
        48  16.352181  41.335650     -16.60     -15.95    -0.1008    -0.0508    -0.1516          2
        49  16.397183  41.316761     -15.00     -16.25    -0.0821    -0.0590    -0.1411          2
        50  16.383293  41.365651     -27.40     -27.20    -0.0271    -0.0339    -0.0610          2
        51  16.388293  41.395373     -33.60     -33.70    -0.0135    -0.0237    -0.0372          2
        52  16.349402  41.412873     -30.10     -30.10    -0.0010    -0.0202    -0.0213          2
        53  16.272456  41.356483     -10.40     -10.80    -0.0228    -0.0405    -0.0633          2
        54  16.273289  41.412040     -22.60     -22.35    -0.0303    -0.0226    -0.0529          2
        55  16.257733  41.441484     -23.80     -23.10    -0.0768    -0.0198    -0.0966          2
        56  16.233010  41.380372     -15.00     -15.60    -0.0397    -0.0317    -0.0713          2
        57  16.210231  41.367594      -5.85      -5.85    -0.0542    -0.0354    -0.0896          2
        58  16.229398  41.402040     -19.60     -18.50    -0.1169    -0.0261    -0.1430          2
        59  16.263844  41.385372     -18.90     -19.05    -0.0141    -0.0298    -0.0439          2
        60  16.188285  41.438151     -18.80     -18.90    -0.0087    -0.0231    -0.0318          2
        61  16.185508  41.397594     -15.70     -14.70    -0.1086    -0.0281    -0.1368          2
        62  16.222731  41.470373     -22.30     -21.60    -0.0741    -0.0217    -0.0957          2
        63  16.279123  41.483430     -27.80     -27.35    -0.0484    -0.0182    -0.0666          2
        64  16.406071  41.472041     -46.80     -47.65    -0.0641    -0.0122    -0.0763          2
        65  16.460518  41.449263     -57.60     -57.60    -0.0164    -0.0133    -0.0297          2
        66  16.409405  41.378707     -36.25     -36.25    -0.0087    -0.0282    -0.0370          2
        67  16.143007  41.413706     -13.20     -12.95    -0.0454    -0.0257    -0.0711          2
        68  16.120783  41.432595     -13.70     -13.60    -0.0101    -0.0258    -0.0359          2
        69  16.078281  41.440651     -12.00     -11.45    -0.0736    -0.0293    -0.1029          2
        70  16.029113  41.460095     -11.80     -11.10    -0.0748    -0.0379    -0.1127          2
        71  15.980222  41.483429     -11.20     -11.00    -0.0296    -0.0556    -0.0852          2
        72  16.031057  41.498984     -14.00     -15.05    -0.0709    -0.0560    -0.1269          2
        73  16.082726  41.478984     -16.20     -14.90    -0.1440    -0.0375    -0.1815          2
        74  16.143007  41.464540     -17.40     -17.00    -0.0458    -0.0279    -0.0737          2
        75  16.181341  41.504262     -19.20     -19.20    -0.0001    -0.0317    -0.0318          2
        76  16.221343  41.441207     -21.20     -21.00    -0.0230    -0.0214    -0.0444          2
        77  16.188841  41.475651     -20.00     -20.40    -0.0257    -0.0246    -0.0504          2
        78  15.971888  41.620930     -12.10     -10.00    -0.3947    -0.3896    -0.7844          2
        79  16.039390  41.598985     -13.40     -13.35    -0.0049    -0.2261    -0.2310          2
        80  16.006612  41.604541     -11.60     -10.20    -0.1739    -0.2943    -0.4682          2
        81  16.200785  41.682597     -14.70     -14.15    -0.0703    -0.1823    -0.2526          2
        82  16.191340  41.720932     -13.50     -13.40    -0.1358    -0.2500    -0.3858          2
        83  16.152172  41.707876     -12.70     -12.20    -0.2884    -0.3044    -0.5929          2
        84  16.111337  41.688431     -12.20     -11.25    -0.3615    -0.3745    -0.7361          2
        85  16.081614  41.662875     -13.00     -11.20    -0.3587    -0.3741    -0.7329          2
        86  16.046890  41.646486     -13.00     -11.45    -0.3383    -0.3828    -0.7211          2
        87  16.005501  41.634541     -12.40     -10.10    -0.4748    -0.3920    -0.8668          2
        88  16.093004  41.619820     -14.20     -14.00    -0.0335    -0.2120    -0.2455          2
        89  16.108838  41.589819     -14.50     -14.20    -0.0379    -0.1265    -0.1644          2
        90  16.195785  41.593708     -16.00     -17.30    -0.0869    -0.0742    -0.1612          2
        91  16.143839  41.551763     -16.20     -16.55    -0.0199    -0.0638    -0.0836          2
        92  16.125506  41.507595     -17.30     -16.60    -0.0795    -0.0428    -0.1223          2
        93  16.081059  41.529541     -16.80     -15.60    -0.1342    -0.0680    -0.2022          2
        94  16.047725  41.560374     -15.00     -15.00     0.0001    -0.1221    -0.1221          2
        95  16.006889  41.528429     -15.20     -15.00    -0.0224    -0.0921    -0.1145          2
        96  15.954943  41.515929      -8.80      -8.25    -0.0602    -0.0908    -0.1511          2
        97  15.943554  41.539262      -9.70      -9.50    -0.0169    -0.1333    -0.1502          2
        98  15.987166  41.560652     -14.20     -13.60    -0.0625    -0.1627    -0.2252          2
        99  15.935498  41.575652     -10.00     -10.20    -0.0188    -0.2467    -0.2656          2
       100  15.938275  41.601763     -10.80     -10.00    -0.1539    -0.3606    -0.5144          2
       101  16.243286  41.700932     -16.70     -17.20    -0.0388    -0.1419    -0.1807          2
       102  16.192173  41.752598     -13.10     -13.40    -0.3795    -0.2792    -0.6587          2
       103  16.224119  41.792044     -14.40     -14.30    -0.1726    -0.2480    -0.4206          2
       104  16.285233  41.609542     -22.90     -24.45    -0.1105    -0.0478    -0.1582          2
       105  16.329124  41.670098     -32.10     -32.10    -0.0082    -0.0540    -0.0622          2
       106  16.389126  41.726210     -50.85     -50.85    -0.0089    -0.0458    -0.0547          2
       107  16.409681  41.800933     -65.95     -65.95    -0.0067    -0.0462    -0.0529          2
       108  16.517185  41.775099     -84.70     -89.40    -0.3220    -0.0382    -0.3602          2
       109  16.543855  41.420095     -70.20     -72.65    -0.1596    -0.0180    -0.1776          2
       110  16.528576  41.464541     -72.00     -73.85    -0.1352    -0.0137    -0.1489          2
       111  16.472185  41.496485     -62.20     -64.30    -0.1428    -0.0113    -0.1541          2
       112  16.417738  41.531208     -52.00     -53.50    -0.0972    -0.0129    -0.1102          2
       113  16.357458  41.505374     -39.00     -40.30    -0.0862    -0.0139    -0.1001          2
       114  16.336068  41.547319     -36.10     -36.25    -0.0139    -0.0197    -0.0336          2
       115  16.266899  41.527596     -26.00     -26.40    -0.0259    -0.0252    -0.0510          2
       116  16.212453  41.550652     -20.00     -20.20    -0.0129    -0.0425    -0.0554          2
       117  16.268566  41.569541     -24.60     -24.95    -0.0274    -0.0363    -0.0637          2
       118  16.368291  41.601209     -42.00     -42.55    -0.0393    -0.0258    -0.0651          2
       119  16.440239  41.578431     -60.50     -60.35    -0.0169    -0.0163    -0.0331          2
       120  16.546354  41.537320     -81.20     -80.50    -0.0714    -0.0162    -0.0876          2
       121  16.644413  41.495652     -93.80     -93.40    -0.0416    -0.0280    -0.0696          2
       122  16.741084  41.456763    -103.00    -105.25    -0.1535    -0.0502    -0.2037          2
       123  16.780531  41.245372     -85.40     -86.50    -0.0814    -0.0701    -0.1515          2
       124  16.783031  41.306484     -97.80    -100.10    -0.1581    -0.0549    -0.2130          2
       125  16.709416  41.332318     -89.40     -92.20    -0.1844    -0.0413    -0.2257          2
       126  16.774974  41.370651    -101.00    -103.55    -0.1741    -0.0513    -0.2253          2
       127  16.823586  41.706211    -138.20    -145.80    -0.5758    -0.2330    -0.8088          2
       128  16.763862  41.600654    -108.70    -112.80    -0.2818    -0.1076    -0.3894          2
       129  16.686082  41.429819     -94.00     -96.25    -0.1592    -0.0324    -0.1916          2
       130  16.611079  41.431208     -84.00     -86.00    -0.1429    -0.0211    -0.1641          2
       131  16.515242  41.596486     -79.90     -79.90    -0.0041    -0.0185    -0.0225          2
       132  16.702748  41.688155    -107.00    -109.45    -0.1988    -0.0922    -0.2910          2
       133  16.770805  41.789545    -136.80    -142.60    -0.4035    -0.1892    -0.5927          2
       134  16.648579  41.778434    -100.40    -103.60    -0.2232    -0.0809    -0.3041          2
       135  16.556909  41.654821     -88.30     -89.20    -0.0640    -0.0297    -0.0938          2
       136  16.441628  41.639543     -63.80     -63.30    -0.0396    -0.0235    -0.0631          2
==================================================================================================
==================================================================================================
Total_time: 8.358591079711914 sec.